>>> runfile('/Users/akond/Documents/Spring-2016/CSC522/gitRepo/project/exp_x_main.py', wdir='/Users/akond/Documents/Spring-2016/CSC522/gitRepo/project')
Reloaded modules: IO_, exp_x_experiments, logiRegre, utility
Started at:  2016-04-15 00:37:09
This is experiemnt X : classification with  NO versions that has ZERO scores + used K-Means for High and Low + Selectiev Feature 
----------------------------- Iteration # 1 Starts ------------------------------
----------------------------- Iteration # 1 Ends ------------------------------
==================================================================================================================
<------------ Performing Logistic Regression ------------->
Output of co-efficients =[[ -4.35427431e-01  -2.15047193e-03   3.60843278e-02  -2.03108651e-02
    2.01126131e-02  -3.48520599e-01   8.20484713e+00  -6.59465618e-03
   -1.23949749e-02   1.83820423e+00   7.35016018e-01  -6.08725765e+00
   -3.81932790e-02  -4.98206090e-03  -1.06805115e-01   5.98136889e-01
    3.71486816e-04  -4.05006064e-01   7.93372224e-01  -1.59342105e-02
    1.39608707e-02]
 [ -3.98499667e-04  -2.50331884e-04  -1.42234157e-03   5.01431163e-04
    6.62435844e-04   7.05027283e-03  -3.88596493e-01   7.31998566e-05
   -2.20126381e-02  -6.65297744e-02   6.45490702e-03  -1.11862709e-02
    2.44095520e-02   2.34863062e-04  -2.40400644e-03   2.95926091e-02
    1.01635868e-04   1.96664314e-02   6.81413832e-03  -9.31847580e-04
   -3.30748890e-04]
 [  6.12443784e-02  -5.17570614e-03  -5.01555644e-02   2.39540534e-02
    2.20086581e-02   1.48477867e-01  -5.13170841e+00  -1.10127317e-02
    1.10458958e+00  -4.54992705e+00   3.09474914e-02  -2.05614140e+00
   -5.04533180e-02   7.40849300e-03  -4.23508970e-02   2.45659535e-01
    3.09301947e-03  -8.57006233e+00  -2.77776735e+00  -3.03257397e-03
   -6.40235906e-03]
 [  7.61069208e-02   3.27042018e-04   7.40900259e-03   1.08129542e-03
    2.34145609e-03   2.02548464e-01   5.48253035e-01  -3.96285551e-03
   -3.46937501e+00   4.23088638e-01   1.52178368e-01  -1.09674409e+00
   -3.86225707e-01   3.29643444e-03  -1.34737661e-02  -1.14076565e+00
    7.55101079e-05  -1.50478378e+01  -2.27702729e+00   1.01463938e-02
   -4.94160966e-03]
 [ -2.48175008e-03   7.52836206e-05   2.11463723e-03  -1.34230700e-04
   -8.51829199e-04   3.35700082e-02   7.07551424e-01  -2.47036862e-04
    2.99368118e-02   4.48702904e-02  -8.11680995e-03   2.73625589e-02
   -5.99812781e-02  -3.75188306e-04  -1.99857356e-03   4.68883276e-03
    3.52406708e-05  -1.91481153e-02   2.09653118e-03   7.44320859e-04
    2.51045869e-04]
 [ -5.54840725e-03  -4.05972612e-04   2.20110028e-02  -2.17789785e-02
   -2.27515655e-03   5.30823529e-01  -1.67554013e+01  -1.34017409e-02
    5.08094160e-02  -9.67141108e+01   1.50048506e-02   2.29345595e-01
   -3.91562320e-01   7.57711874e-03  -4.75822262e-01  -1.78516200e+00
   -5.01920775e-04   2.94770471e-02   6.49702934e-01   1.36055937e-02
    1.38710268e-03]
 [  7.62279795e-02  -7.93310418e-04   6.26579159e-02  -4.85675471e-01
   -9.27909799e-03  -2.20754722e-01  -1.31018624e+01  -3.60181646e-02
    2.64467121e+00  -1.65630676e+01  -1.37263027e+00  -1.20464844e+00
    5.84645872e-01   1.17048429e-02   7.96421869e-01   1.56317169e+01
   -2.50371866e-03  -8.89320732e-01   1.94173627e-01   2.90939988e-02
   -2.43229048e-02]
 [ -1.58008518e-01   2.91647810e-03   1.48257278e-02  -8.16442384e-03
   -4.09552006e-03  -2.83694692e-01  -1.29205292e+00   4.02818080e-03
   -2.51164537e-01   3.12287444e-01   1.21590674e-01  -1.91592611e-01
    1.57454125e-01  -1.39433696e-04   7.57599925e-03   7.24169324e-02
   -1.84938770e-03  -3.81335336e+00   4.71142002e-02   6.19512134e-04
    1.21286877e-03]
 [  5.70897458e-02  -1.18193770e-03  -2.15802790e-03  -1.34228955e-02
   -7.30353864e-03  -9.11173295e-01   4.14947609e+00  -2.70991945e-03
   -3.27791757e-01  -1.37808940e+01   2.76417116e-01  -2.12798801e+00
    7.38603567e-01   5.19078728e-03   1.60593491e-01  -3.99244404e-01
   -3.44510177e-04  -2.20295559e+00   7.14226725e-01   5.13928578e-03
    1.77499188e-02]
 [  2.66833036e-02   4.09599410e-04  -6.42724739e-03   4.83853504e-03
    5.06490514e-04  -2.10732199e-01  -1.81881296e+00  -2.74808556e-03
    1.94392741e-01  -3.75287901e+00  -3.00262578e-02  -1.14001136e-01
   -7.20203756e-03   3.09391910e-03   4.96100179e-02   1.51145856e-01
    3.02408441e-04  -1.11101972e-01  -2.81670166e+00   5.78335293e-03
   -5.63276063e-03]
 [  1.03416787e-02   3.48942836e-04  -3.80252962e-03  -1.49861479e-02
    2.65009386e-03  -2.04750011e-01  -3.84694863e+00   7.44342237e-04
   -3.95967498e-01   1.10333159e+00   3.02575079e-02  -1.25710040e+00
   -1.82236597e-01   9.79541644e-04   2.19317675e-03   1.43731494e-01
    1.39357382e-04  -2.74849958e+01   1.56522853e-01   2.91376967e-03
    3.02991887e-04]
 [  3.49519013e-01  -1.85050093e-03   2.53661304e-02  -2.96845393e-02
    4.79365921e-03  -1.45766733e-01  -4.21548252e+00  -2.41083850e-02
   -5.53770797e-01   2.91492583e+00  -2.74920493e-01  -6.63052922e-01
    1.03462279e+00   5.45628224e-03   4.21906642e-02  -4.67585922e+00
   -9.72998168e-04   7.08933883e-01  -8.56055783e-01   8.59811873e-03
    6.54309625e-03]]
Output of intercept =[-53.04271423   2.03403216   5.40956641 -18.89683187  -3.26193726
  10.96322272  32.57965071   1.65042743 -27.9703776   -7.81569332
   8.76860204 -26.46796877], n_iter_ = [100] 
==================================================================================================================
Done ;-)
Ended at:  2016-04-15 00:37:12
>>> 