>>> runfile('/Users/akond/Documents/Spring-2016/CSC522/gitRepo/project/exp_x_main.py', wdir='/Users/akond/Documents/Spring-2016/CSC522/gitRepo/project')
Reloaded modules: IO_, exp_x_experiments, logiRegre, utility
Started at:  2016-04-15 00:35:58
This is experiemnt X : classification with  NO versions that has ZERO scores + used K-Means for High and Low + Selectiev Feature 
----------------------------- Iteration # 1 Starts ------------------------------
----------------------------- Iteration # 1 Ends ------------------------------
==================================================================================================================
<------------ Performing Logistic Regression ------------->
Output of co-efficients =[[ -3.93941054e-04  -2.50443063e-04  -1.42228763e-03   5.01594587e-04
    6.62362960e-04   7.05085479e-03  -3.88553627e-01   7.30403674e-05
   -2.20139914e-02  -6.65480220e-02   6.44683387e-03  -1.11651839e-02
    2.44112976e-02   2.52968972e-04  -2.40602983e-03   2.96096105e-02
    1.01681271e-04   1.96481463e-02   6.79354870e-03  -9.49759157e-04
   -3.48909738e-04]
 [ -2.47622899e-03   7.47282929e-05   2.11479081e-03  -1.32891848e-04
   -8.52429173e-04   3.35446401e-02   7.08113800e-01  -2.48033833e-04
    2.99492409e-02   4.46813533e-02  -8.11509520e-03   2.74513052e-02
   -5.99466685e-02  -2.32746806e-04  -2.00222691e-03   4.75329967e-03
    3.54188942e-05  -1.93076416e-02   1.94831495e-03   6.02379819e-04
    1.08942550e-04]
 [  5.52826446e-02  -2.61082661e-03  -2.74563605e-02   1.43421118e-02
    1.32605262e-02   1.44383458e-01  -3.41194169e+00  -6.18141191e-03
    8.38072025e-01  -4.28378789e+00   3.56843301e-02  -1.68359300e+00
   -1.16265243e-02   3.53598176e-03   2.57142105e-02   4.18251239e-01
    1.25595858e-03  -6.24235201e+00  -2.26365975e+00  -6.09798359e-05
   -5.52356028e-03]
 [  7.52500535e-02   3.27675768e-04   6.80746671e-03   1.10489046e-03
    2.29046684e-03   1.85190564e-01   4.25130093e-01  -4.00230808e-03
   -3.42444573e+00   4.86646889e-01   1.53789536e-01  -1.12803451e+00
   -3.77101762e-01   3.34575532e-03  -1.39567059e-02  -1.11891042e+00
    1.06127610e-04  -1.38099921e+01  -2.41240989e+00   1.00684516e-02
   -4.87309135e-03]
 [  1.50262403e-02   2.17302947e-04  -2.13835405e-03  -1.36430686e-02
    1.70608335e-03  -2.06192738e-01  -3.04309646e+00   7.00743007e-04
   -3.42739195e-01   1.01365850e+00   2.85776317e-02  -1.08218972e+00
   -1.30831806e-01   1.10134883e-03   1.68035983e-03   1.17153390e-01
    1.29460469e-04  -2.53062214e+01   1.40070193e-01   2.34164123e-03
    6.44169385e-04]
 [  2.27788382e-03  -1.12570157e-04   1.12299135e-02  -1.55005673e-02
   -1.19193604e-03   4.80070710e-01  -2.22397673e+01  -8.98694124e-03
   -2.52849403e-01  -8.78211187e+01   8.82151553e-03   3.40966007e-01
    2.94310621e-01   5.07104296e-03  -2.99326777e-01  -1.06477799e+00
   -2.52329912e-04   1.86063355e-02   6.72154968e-01   9.19715499e-03
   -5.53818363e-03]
 [  7.71597315e-02  -8.38546461e-04   6.72525434e-02  -5.13571875e-01
   -1.08618976e-02  -2.51635714e-01  -1.36507490e+01  -3.77919391e-02
    2.76883082e+00  -1.71860557e+01  -1.43057738e+00  -1.27392314e+00
    6.22434949e-01   1.30864950e-02   8.38348338e-01   1.64205364e+01
   -2.52074799e-03  -9.78685469e-01   2.04415249e-01   2.97016607e-02
   -2.60094093e-02]
 [ -1.60522752e-01   2.98556602e-03   1.50573696e-02  -8.22160549e-03
   -4.17569680e-03  -2.88541056e-01  -1.26870392e+00   4.07357112e-03
   -2.50456963e-01   3.14480358e-01   1.23597337e-01  -1.90054217e-01
    1.58929208e-01  -3.00720565e-04   7.51058806e-03   7.14744336e-02
   -1.89274756e-03  -3.86229592e+00   4.77867882e-02   7.92794451e-04
    1.37857841e-03]
 [  5.45864808e-02  -1.14611700e-03  -2.90512487e-03  -1.34616623e-02
   -6.79696338e-03  -8.77568835e-01   4.02324840e+00  -2.69737572e-03
   -3.13690398e-01  -1.32727111e+01   2.72100015e-01  -2.09272613e+00
    7.09173232e-01   5.28319377e-03   1.56067170e-01  -3.64568316e-01
   -3.67590440e-04  -2.09617556e+00   6.92000345e-01   4.97764846e-03
    1.68958526e-02]
 [  2.62838975e-02   4.83268109e-04  -7.02842150e-03   5.63157447e-03
    4.74427584e-04  -2.51377088e-01  -1.95799380e+00  -2.89723421e-03
    1.85344994e-01  -4.39049058e+00  -2.95998967e-02  -1.36860419e-01
   -2.15210694e-03   3.52492506e-03   5.72998699e-02   1.66448947e-01
    3.15452809e-04  -1.18904387e-01  -3.12118516e+00   6.32335603e-03
   -6.29432217e-03]
 [ -3.02208614e-01  -7.89395263e-04   3.08582916e-02  -1.77242368e-02
    1.24553791e-02   1.20446359e-02   6.82600826e+00  -5.52728545e-03
   -3.87116233e-01   1.63264266e+00   5.42908159e-01  -4.89393473e+00
   -3.53006994e-02  -4.60669746e-03   8.54381511e-03  -3.53483037e-01
    4.79781271e-04  -9.82174612e-02   6.44370542e-01   2.83865365e-03
   -1.41643417e-02]
 [  3.58096860e-01  -1.99437784e-03   2.87533323e-02  -3.04895411e-02
    5.06230334e-03  -1.61148970e-01  -4.00120874e+00  -2.51874559e-02
   -5.65035693e-01   3.00590655e+00  -2.93976785e-01  -7.20024589e-01
    1.06082038e+00   5.33364181e-03   4.41234259e-02  -4.87084136e+00
   -9.79563251e-04   7.45752094e-01  -9.31648712e-01   8.96276749e-03
    7.16238500e-03]
 [ -5.77139631e-03  -4.08759072e-05  -6.76746673e-04  -4.63348469e-05
   -2.00446784e-04  -3.47585768e-01  -1.86097951e+00  -4.11290678e-04
   -1.81049465e-01   6.48817745e-02  -1.11901909e-02   9.56257447e-03
   -2.89786786e-01   6.75757963e-04  -1.04172706e-02   1.25856602e-01
   -6.40767692e-06   1.37774321e-02  -2.31603823e-01   6.32676132e-04
    1.50753739e-03]]
Output of intercept =[  2.03402997  -3.26425976   1.1235538  -18.47125023   5.99060582
  16.97721101  33.91180305   1.61046874 -27.11357207  -7.9232484
 -50.30052529 -27.78574378  -3.00703341], n_iter_ = [100] 
==================================================================================================================
Done ;-)
Ended at:  2016-04-15 00:36:00
>>> 